1 1.00 20.00
1 1.00 20.00
1 1.00 20.00
1 2.00 13.00
1 2.00 13.00
1 2.50 17.00
2 1.00 20.00
2 1.00 20.00
2 1.00 20.00
2 2.00 13.00
2 2.00 13.00
2 2.50 17.00
3 1.00 20.00
3 1.00 20.00
3 1.00 20.00
3 2.00 13.00
3 2.00 13.00
3 2.50 17.00
4 1.00 20.00
4 1.00 20.00
4 1.00 20.00
4 2.00 13.00
4 2.00 13.00
4 2.50 17.00
5 1.00 20.00
5 1.00 20.00
5 1.00 20.00
5 2.00 13.00
5 2.00 13.00
5 2.50 17.00
6 1.00 20.00
6 1.00 20.00
6 1.00 20.00
6 2.00 13.00
6 2.00 13.00
6 2.50 17.00
7 1.00 20.00
7 1.00 20.00
7 1.00 20.00
7 2.00 13.00
7 2.00 13.00
7 2.50 17.00